      0.12533286        0.0000000 
     0.028874268        0.0000000 
     0.063461772        0.0000000 
      0.22671922        1.0000000 
     -0.21426695        0.0000000 
      0.20285367        0.0000000 
      0.16307007        0.0000000 
     0.044576711        0.0000000 
     -0.32004288        1.0000000 
      0.50415113        0.0000000 
     -0.23378662        0.0000000 
    -0.098017371        0.0000000 
    -0.084630738        0.0000000 
     0.015684012        1.0000000 
    -0.034409159        0.0000000 
    -0.060019766        0.0000000 
     0.058845114        0.0000000 
     -0.11381741        0.0000000 
     0.071118260        1.0000000 
     -0.18494858        0.0000000 
     -0.23161388        0.0000000 
     -0.41518445        0.0000000 
     -0.11181140        0.0000000 
     -0.15872893        1.0000000 
     -0.15172886        0.0000000 
     -0.28214838        0.0000000 
     -0.22096176        0.0000000 
    -0.028998565        0.0000000 
     -0.16657024        1.0000000 
      0.14475309        0.0000000 
     -0.44695983        0.0000000 
     -0.15385684        0.0000000 
      0.37519467        0.0000000 
      0.25476431        1.0000000 
      0.90773184        0.0000000 
      -1.3428085        0.0000000 
      0.59497405        0.0000000 
      -1.0008502        0.0000000 
      0.47749075        1.0000000 
      0.35887564        0.0000000 
     -0.17128037        0.0000000 
     -0.26294254        0.0000000 
      -1.0645585        0.0000000 
     -0.12831676        1.0000000 
     -0.71015654        0.0000000 
     -0.83077487        0.0000000 
      0.18235792        0.0000000 
     -0.23850088        0.0000000 
      0.48550827        1.0000000 
    -0.019511971        0.0000000 
     -0.48343942        0.0000000 
      0.19273652        0.0000000 
      0.31021804        0.0000000 
      0.55211979        1.0000000 
     -0.32646765        0.0000000 
      0.11806431        0.0000000 
     -0.40383002        0.0000000 
     -0.36056214        0.0000000 
     -0.14807346        1.0000000 
     -0.36711110        0.0000000 
      0.39471258        0.0000000 
     -0.66563837        0.0000000 
   0.00023669811        0.0000000 
     -0.34414368        1.0000000 
      0.29264842        0.0000000 
      0.26996162        0.0000000 
     0.061295132        0.0000000 
    -0.097898501        0.0000000 
     0.054793210        1.0000000 
      0.34217414        0.0000000 
    -0.021377494        0.0000000 
     -0.18664832        0.0000000 
    -0.073771376        0.0000000 
      0.15649133        1.0000000 
     -0.10756813        0.0000000 
      0.15809097        0.0000000 
      0.11685817        0.0000000 
      0.70424822        1.0000000 
    -0.032410086        0.0000000 
     0.099593918        0.0000000 
     -0.12586430        0.0000000 
      0.28750859        1.0000000 
      0.55526249        1.0000000 
      0.16035716        0.0000000 
     0.037636347        0.0000000 
      0.99289668        1.0000000 
     -0.59502353        0.0000000 
      0.34458857        0.0000000 
     -0.51398545        0.0000000 
    -0.097358688        1.0000000 
     -0.27608475        0.0000000 
     0.045422736        0.0000000 
      0.53248155        0.0000000 
      0.25038678        0.0000000 
     0.020437057        1.0000000 
     -0.88803935        0.0000000 
     -0.44555314        0.0000000 
     0.032690320        0.0000000 
     -0.67453815        0.0000000 
      0.21905975        1.0000000 
    -0.052402043        0.0000000 
     -0.48691452        1.0000000 
     -0.38949084        1.0000000 
     -0.19647625        0.0000000 
      0.19974889        0.0000000 
      0.27911930        0.0000000 
     0.066852638        0.0000000 
     0.092622831        1.0000000 
    0.0094754755        0.0000000 
    -0.072675511        0.0000000 
      0.24783998        0.0000000 
      0.25318874        1.0000000 
      0.42509829        0.0000000 
     -0.20683847        0.0000000 
      0.18728071        1.0000000 
    -0.048142150        1.0000000 
     -0.42451497        0.0000000 
     -0.28349715        0.0000000 
     -0.20841250        0.0000000 
      0.14939652        0.0000000 
     0.062254677        1.0000000 
     -0.12035567        0.0000000 
     -0.10225692        0.0000000 
     -0.13658221        0.0000000 
     -0.54083995        0.0000000 
     -0.26526508        1.0000000 
     -0.81430322        0.0000000 
      0.59191109        0.0000000 
      0.35709797        0.0000000 
      0.24574713        0.0000000 
     -0.19816610        1.0000000 
      0.92156417        0.0000000 
     -0.30971633        0.0000000 
      0.31287732        0.0000000 
      0.34348245        0.0000000 
      0.20491882        1.0000000 
      0.32197795        0.0000000 
    -0.039548166        0.0000000 
     -0.14936658        0.0000000 
     -0.66260774        0.0000000 
      0.55406147        1.0000000 
     -0.13949821        0.0000000 
      0.31055931        0.0000000 
      0.13130508        0.0000000 
      0.16762258        0.0000000 
     0.037975184        1.0000000 
      0.13911912        0.0000000 
    -0.070004927        0.0000000 
    -0.023236760        0.0000000 
     -0.35917118        0.0000000 
      0.43766322        1.0000000 
     0.022100690        0.0000000 
     -0.24978662        0.0000000 
     -0.38139904        0.0000000 
     -0.11131912        0.0000000 
      0.10435283        1.0000000 
    -0.030957727        0.0000000 
     0.051483363        0.0000000 
     -0.90032885        0.0000000 
      0.14673118        0.0000000 
      0.63034427        1.0000000 
     -0.26300222        0.0000000 
      0.27610261        0.0000000 
    -0.031949462        0.0000000 
      0.18958905        1.0000000 
     -0.21857975        0.0000000 
    -0.037664378        0.0000000 
     0.096106579        0.0000000 
      0.25370134        0.0000000 
      0.27992645        1.0000000 
      0.72172607        0.0000000 
     -0.13507480        0.0000000 
      0.49291158        0.0000000 
     -0.14784016        0.0000000 
     -0.19642314        1.0000000 
      -1.2518038        0.0000000 
       1.0256249        0.0000000 
   -0.0074590955        0.0000000 
      0.50596102        0.0000000 
      -1.8154856        1.0000000 
      0.29364020        0.0000000 
     0.074301129        0.0000000 
     -0.48561912        0.0000000 
      0.13978382        0.0000000 
      -1.0531730        1.0000000 
       1.0590836        0.0000000 
     -0.11778238        0.0000000 
   -0.0062380841        0.0000000 
     0.027523959        0.0000000 
    -0.023601520        1.0000000 
      0.39790640        0.0000000 
      0.21781026        0.0000000 
      0.32801227        0.0000000 
    -0.021469681        0.0000000 
    -0.047730438        1.0000000 
     -0.70042220        0.0000000 
     -0.90461117        0.0000000 
      -1.0251354        0.0000000 
     -0.84324901        0.0000000 
      0.21232275        1.0000000 
      0.13562663        0.0000000 
     -0.13014892        0.0000000 
      0.60189160        0.0000000 
   -0.0051007308        0.0000000 
    -0.056676138        1.0000000 
     -0.28432785        0.0000000 
     -0.10100292        0.0000000 
   -0.0055319758        0.0000000 
      0.10342352        0.0000000 
      0.24184819        1.0000000 
      0.44313083        0.0000000 
     -0.11905695        0.0000000 
      0.58135731        0.0000000 
     -0.19854930        0.0000000 
      0.21770468        1.0000000 
      0.16589777        0.0000000 
   -0.0070445742        0.0000000 
     0.073999718        0.0000000 
     -0.30757702        0.0000000 
   -0.0066470109        1.0000000 
      0.10480587        0.0000000 
      -1.2658492        1.0000000 
    -0.030191892        0.0000000 
     -0.24020397        1.0000000 
      0.19294544        0.0000000 
     -0.16353336        0.0000000 
      0.48917481        0.0000000 
      0.41808290        0.0000000 
   -0.0075258960        1.0000000 
     0.039751588        0.0000000 
     0.056437334        0.0000000 
     -0.37236851        0.0000000 
    -0.062710039        0.0000000 
      0.54271194        1.0000000 
     -0.27829445        0.0000000 
     -0.33819936        0.0000000 
    -0.074701326        0.0000000 
      0.10756666        0.0000000 
     -0.27550824        1.0000000 
     -0.92766082        0.0000000 
     -0.32863123        0.0000000 
     -0.60845440        0.0000000 
      0.87652858        0.0000000 
      0.46547359        1.0000000 
     -0.34009246        0.0000000 
     -0.46073353        1.0000000 
     -0.27015917        1.0000000 
      0.18729968        0.0000000 
      0.22208030        0.0000000 
     -0.35339659        1.0000000 
     -0.18319406        0.0000000 
     -0.32639358        0.0000000 
     -0.55111959        0.0000000 
      -1.3431610        0.0000000 
      0.62530584        1.0000000 
     -0.16217172        0.0000000 
      0.15228299        0.0000000 
     -0.14260974        0.0000000 
     -0.17891745        0.0000000 
      0.28486439        1.0000000 
    -0.050367568        0.0000000 
     -0.44081115        0.0000000 
     -0.56667822        0.0000000 
      0.24076223        0.0000000 
     -0.65189912        1.0000000 
      0.58480435        0.0000000 
      0.67475641        0.0000000 
      0.33303209        0.0000000 
      0.17802735        0.0000000 
     -0.13649653        1.0000000 
      0.16002621        0.0000000 
      0.16283967        0.0000000 
      0.35545642        0.0000000 
      0.68151113        0.0000000 
     -0.70023986        1.0000000 
     -0.22446116        0.0000000 
     -0.20859957        0.0000000 
      0.13236778        0.0000000 
      0.49154413        0.0000000 
      0.26759551        1.0000000 
     0.039322480        0.0000000 
      0.45827136        0.0000000 
      0.19287509        0.0000000 
      0.20304328        0.0000000 
      0.16411250        1.0000000 
     -0.92131726        0.0000000 
     -0.13317751        0.0000000 
      0.22598880        0.0000000 
     -0.53207249        0.0000000 
      0.21673610        1.0000000 
      0.45151176        0.0000000 
    -0.045710267        0.0000000 
    -0.093851827        0.0000000 
      0.38738578        0.0000000 
     -0.21646232        1.0000000 
     0.088515138        0.0000000 
      0.29223965        0.0000000 
      0.26458006        0.0000000 
      0.16060929        0.0000000 
      0.93261382        1.0000000 
       1.4946375        0.0000000 
     0.032978508        0.0000000 
      0.23879778        0.0000000 
      0.51940700        0.0000000 
      0.26120297        1.0000000 
      0.23934562        0.0000000 
      0.85129471        0.0000000 
      0.15401273        0.0000000 
      0.27964581        0.0000000 
     -0.98608742        1.0000000 
   -0.0059880831        0.0000000 
     0.051574667        0.0000000 
    -0.064960357        0.0000000 
     -0.15321458        1.0000000 
    0.0085730892        0.0000000 
      0.64139838        0.0000000 
      0.40786613        0.0000000 
      0.54558904        1.0000000 
    -0.069788164        0.0000000 
      0.39212621        0.0000000 
     -0.49041764        0.0000000 
     -0.14896454        0.0000000 
     -0.25846733        1.0000000 
      0.48815674        0.0000000 
    -0.055935513        0.0000000 
      -1.9070378        0.0000000 
     -0.21184585        0.0000000 
       1.3463268        1.0000000 
      0.48499478        0.0000000 
    -0.045734526        1.0000000 
      0.53888410        0.0000000 
     -0.41909580        1.0000000 
      0.27329932        0.0000000 
     -0.16997725        0.0000000 
     0.039862743        0.0000000 
    -0.041088507        1.0000000 
      0.53414967        0.0000000 
      0.32652019        0.0000000 
     0.093751313        1.0000000 
      0.35299225        1.0000000 
     -0.10054662        0.0000000 
     0.023410177        0.0000000 
     -0.26782670        0.0000000 
      0.25222108        0.0000000 
    -0.016463496        1.0000000 
      0.11239659        0.0000000 
      0.63464816        0.0000000 
      0.16579762        0.0000000 
      0.10420486        1.0000000 
     -0.66647361        0.0000000 
     -0.74625531        0.0000000 
      0.40780749        1.0000000 
      0.15717657        1.0000000 
     -0.12037339        0.0000000 
     -0.11027385        0.0000000 
      0.46981478        0.0000000 
      0.52004486        0.0000000 
     -0.47312311        1.0000000 
      0.68861017        0.0000000 
    -0.038540308        0.0000000 
     -0.26951423        0.0000000 
      0.48909531        1.0000000 
     -0.24773120        0.0000000 
    0.0037198511        0.0000000 
      0.52241194        0.0000000 
     0.064516278        0.0000000 
      0.47351310        1.0000000 
     -0.25356220        0.0000000 
     -0.10742854        0.0000000 
      0.67132555        0.0000000 
      0.11714174        0.0000000 
     0.024832182        1.0000000 
      0.32207186        0.0000000 
       1.6849669        0.0000000 
      -1.3436495        0.0000000 
     -0.40886088        0.0000000 
    -0.085095190        1.0000000 
   -0.0084144287        0.0000000 
      0.59894282        0.0000000 
     -0.33371047        0.0000000 
      0.24906791        0.0000000 
     -0.13328370        1.0000000 
      0.25378924        0.0000000 
      0.14402931        0.0000000 
     0.016531327        0.0000000 
      0.29185102        0.0000000 
     -0.43120963        1.0000000 
      0.11683753        0.0000000 
      -1.3595708        0.0000000 
      -1.7589044        0.0000000 
      -1.4326087        0.0000000 
      0.33464804        1.0000000 
     -0.73772964        0.0000000 
     -0.72384239        0.0000000 
      0.87126265        0.0000000 
     -0.21169256        0.0000000 
      0.45445570        1.0000000 
      0.49993864        0.0000000 
     -0.36718881        0.0000000 
    -0.060818840        0.0000000 
      0.22378474        0.0000000 
     -0.12430518        1.0000000 
     0.061008236        0.0000000 
    -0.079458838        0.0000000 
     -0.10678811        0.0000000 
      0.16162075        0.0000000 
      0.27872245        1.0000000 
      0.20060801        0.0000000 
      0.26898498        0.0000000 
    -0.017983232        0.0000000 
      0.59522095        1.0000000 
     -0.23409022        0.0000000 
     0.059156279        0.0000000 
     -0.11826911        0.0000000 
     -0.45852609        0.0000000 
     -0.99920152        1.0000000 
      0.19193986        0.0000000 
      0.49430203        0.0000000 
     -0.46372433        0.0000000 
       1.1057194        0.0000000 
     -0.63475316        1.0000000 
     -0.23604428        0.0000000 
      0.24508451        0.0000000 
      0.31766867        0.0000000 
      0.40506468        0.0000000 
     -0.14969537        1.0000000 
     -0.32919562        0.0000000 
     -0.34426836        0.0000000 
      -1.1440054        0.0000000 
      -1.9092993        0.0000000 
     -0.42737628        1.0000000 
      0.60906904        0.0000000 
     -0.42082868        0.0000000 
    -0.026268614        0.0000000 
     -0.28416137        0.0000000 
      0.12092831        1.0000000 
     0.041016137        0.0000000 
      0.12954534        0.0000000 
     0.095257082        0.0000000 
      0.12730118        0.0000000 
    -0.039726847        1.0000000 
      0.16402311        0.0000000 
      0.67780518        0.0000000 
     -0.33423197        0.0000000 
     -0.48067947        0.0000000 
      0.42945870        1.0000000 
      0.45226801        0.0000000 
     -0.14398851        0.0000000 
      0.19773892        0.0000000 
     -0.64636126        0.0000000 
    -0.044869148        1.0000000 
      0.27324035        0.0000000 
     0.061495029        0.0000000 
    0.0076432147        0.0000000 
     -0.69468109        0.0000000 
     -0.22198843        1.0000000 
      0.11811466        0.0000000 
     -0.17501011        0.0000000 
     -0.55329332        0.0000000 
     -0.10798383        0.0000000 
      0.43166782        1.0000000 
     -0.57357819        0.0000000 
     0.014397862        0.0000000 
      0.42269456        0.0000000 
    0.0075799890        0.0000000 
      0.16899445        1.0000000 
     -0.17710482        0.0000000 
      0.54119000        1.0000000 
     -0.22899428        0.0000000 
      0.56389417        1.0000000 
     -0.34251930        0.0000000 
    -0.040724583        0.0000000 
     -0.36356199        0.0000000 
     -0.17636623        0.0000000 
      0.75445794        1.0000000 
     -0.11043550        0.0000000 
    -0.095986988        0.0000000 
     -0.36717822        0.0000000 
     -0.14356457        0.0000000 
     -0.76488762        1.0000000 
      -1.0011545        0.0000000 
     -0.48012968        0.0000000 
     -0.62893075        0.0000000 
      0.28917272        0.0000000 
     -0.16165925        1.0000000 
     -0.39231648        0.0000000 
     -0.83581567        0.0000000 
    -0.015994723        0.0000000 
     0.071540648        0.0000000 
     0.066618327        1.0000000 
     -0.55376222        1.0000000 
     -0.68583902        1.0000000 
      0.40005364        0.0000000 
     -0.15954682        1.0000000 
      0.16480140        0.0000000 
     -0.25098135        1.0000000 
     -0.72594741        0.0000000 
      0.25616352        0.0000000 
      0.80132813        0.0000000 
      0.36196096        0.0000000 
     -0.34458284        1.0000000 
    -0.041168198        0.0000000 
     -0.17288137        0.0000000 
     -0.38810670        0.0000000 
      0.11872497        0.0000000 
     -0.35898033        1.0000000 
      -1.5387543        0.0000000 
     -0.30269375        0.0000000 
      -1.7181020        0.0000000 
     -0.66032992        0.0000000 
      -1.9329369        1.0000000 
       2.2026371        0.0000000 
      -1.7583441        0.0000000 
      0.69985611        0.0000000 
      0.53450404        0.0000000 
      -1.6593104        1.0000000 
     -0.41727876        0.0000000 
       1.0677418        0.0000000 
      0.81076422        1.0000000 
     -0.29574525        1.0000000 
     -0.32125173        0.0000000 
   -0.0048055467        0.0000000 
     -0.54689039        0.0000000 
      0.48332433        0.0000000 
     -0.56965677        1.0000000 
       1.0973120        0.0000000 
     -0.62880162        0.0000000 
      0.61026222        0.0000000 
     -0.55334815        0.0000000 
    -0.037946383        1.0000000 
      0.57325635        0.0000000 
     -0.71948202        0.0000000 
      -1.4446255        0.0000000 
     -0.96816642        0.0000000 
      -2.0483947        1.0000000 
      0.12087677        0.0000000 
       1.9243456        0.0000000 
      0.20077025        0.0000000 
     -0.49447095        0.0000000 
       1.2299179        1.0000000 
      0.57561504        0.0000000 
       1.3869931        0.0000000 
     -0.99847310        0.0000000 
     -0.22302539        0.0000000 
      -1.0967430        1.0000000 
      0.50902904        0.0000000 
       1.3838942        0.0000000 
      0.71691132        0.0000000 
      0.32280702        0.0000000 
       1.3937403        1.0000000 
     -0.88734166        0.0000000 
       1.3238045        0.0000000 
      0.16300000        0.0000000 
     -0.63642291        1.0000000 
       1.7141776        0.0000000 
      0.15784907        0.0000000 
     -0.77420774        0.0000000 
      0.96990963        1.0000000 
      -1.1084828        0.0000000 
      -1.6232632        0.0000000 
      0.33949956        0.0000000 
     -0.18081869        0.0000000 
      0.47636405        1.0000000 
      0.77001192        0.0000000 
      -1.5517049        0.0000000 
     -0.34273526        0.0000000 
     -0.15067097        0.0000000 
      -1.2602072        1.0000000 
     -0.17943211        0.0000000 
    -0.011392951        0.0000000 
       1.2194488        0.0000000 
      0.25900688        0.0000000 
     -0.64311581        1.0000000 
      0.21876329        0.0000000 
      0.47883925        0.0000000 
     -0.52370434        1.0000000 
       1.1767838        1.0000000 
     -0.38241937        0.0000000 
     -0.85649642        1.0000000 
     0.055534681        1.0000000 
     0.041070973        0.0000000 
      0.23530043        0.0000000 
     0.076188535        0.0000000 
    -0.037089999        0.0000000 
      0.50186514        1.0000000 
      0.47294481        0.0000000 
      0.10274784        0.0000000 
     -0.26276652        0.0000000 
      0.64260425        1.0000000 
    -0.032101018        0.0000000 
      0.20490306        1.0000000 
      0.10530712        1.0000000 
     -0.80700537        0.0000000 
     -0.73889499        0.0000000 
     -0.66181704        0.0000000 
      0.22488261        0.0000000 
     -0.51669418        1.0000000 
      0.30226881        0.0000000 
      0.74538857        0.0000000 
     -0.16880884        0.0000000 
     -0.33264876        0.0000000 
     -0.46033010        1.0000000 
      0.26866375        1.0000000 
     0.010712208        0.0000000 
      0.28718040        0.0000000 
      0.24729437        1.0000000 
     -0.24476544        0.0000000 
     -0.16381965        0.0000000 
    -0.080000278        0.0000000 
      0.27519617        0.0000000 
     -0.13101542        1.0000000 
    -0.013307922        0.0000000 
      0.13198281        0.0000000 
     -0.37508672        0.0000000 
     0.034884745        0.0000000 
     -0.43818568        1.0000000 
     -0.16231046        0.0000000 
     -0.15435406        0.0000000 
     -0.63156226        0.0000000 
     -0.18274882        0.0000000 
      -1.6952278        1.0000000 
     -0.61964325        0.0000000 
      0.62264652        0.0000000 
    -0.034002152        0.0000000 
     -0.91524781        0.0000000 
      -1.0359952        1.0000000 
     -0.34795673        0.0000000 
     -0.10914503        0.0000000 
      0.33944617        0.0000000 
      0.55111706        0.0000000 
      -1.6015700        1.0000000 
     -0.29160142        0.0000000 
      0.87921002        0.0000000 
      -1.4610010        0.0000000 
     -0.48737002        0.0000000 
      -1.3664948        1.0000000 
       1.8575414        0.0000000 
      -1.0915738        0.0000000 
      -1.2350623        0.0000000 
      0.39245497        0.0000000 
     -0.81162188        1.0000000 
       1.3047342        0.0000000 
    0.0012476037        0.0000000 
     -0.23148225        0.0000000 
      0.69814297        0.0000000 
     -0.30384023        1.0000000 
      0.29896194        0.0000000 
     -0.26358674        0.0000000 
     -0.25075479        0.0000000 
     -0.53272681        0.0000000 
     -0.89015142        1.0000000 
      0.59069267        0.0000000 
     -0.45852850        0.0000000 
    -0.068603333        0.0000000 
     -0.42340313        1.0000000 
      0.16754892        0.0000000 
      0.66913821        0.0000000 
    -0.061216839        0.0000000 
      0.13441918        0.0000000 
      0.88497777        1.0000000 
     -0.12732795        0.0000000 
     -0.85573794        0.0000000 
      0.54759750        0.0000000 
    -0.089839458        0.0000000 
     -0.56553501        1.0000000 
     -0.34417791        0.0000000 
     -0.99738312        0.0000000 
      -1.2902170        0.0000000 
     -0.53361413        0.0000000 
      0.47903396        1.0000000 
     -0.21589748        0.0000000 
      0.10432799        0.0000000 
      0.17767167        0.0000000 
      -1.0653125        0.0000000 
     -0.52623921        1.0000000 
      0.46109702        0.0000000 
     0.059819027        0.0000000 
     -0.97329045        0.0000000 
     -0.34816101        0.0000000 
     -0.74341747        1.0000000 
      0.66205626        0.0000000 
      -1.2917921        0.0000000 
      0.28211410        0.0000000 
   -0.0049101225        0.0000000 
     -0.81869976        1.0000000 
     -0.23248206        0.0000000 
      0.36167830        0.0000000 
    -0.099500748        0.0000000 
     -0.63187120        0.0000000 
      0.28027146        1.0000000 
       1.0543197        0.0000000 
     -0.53084055        0.0000000 
    -0.083880528        0.0000000 
      0.73814060        0.0000000 
      0.11025417        1.0000000 
      0.46354469        0.0000000 
     -0.43143869        0.0000000 
     -0.79839760        0.0000000 
       1.7476059        0.0000000 
       1.3154533        1.0000000 
     -0.84222354        0.0000000 
      0.69122102        0.0000000 
      0.77651286        0.0000000 
     -0.30025950        0.0000000 
      0.19183025        1.0000000 
     -0.67460426        0.0000000 
      -1.2870509        0.0000000 
     -0.59787140        0.0000000 
    -0.063388354        0.0000000 
     0.044709640        1.0000000 
    0.0012283533        0.0000000 
      -1.3163588        1.0000000 
      0.50308691        0.0000000 
      0.47106380        1.0000000 
     -0.63363614        0.0000000 
    -0.087145886        0.0000000 
    -0.089512682        0.0000000 
    0.0055073884        0.0000000 
     -0.92718181        1.0000000 
      0.34148231        0.0000000 
      0.45297612        0.0000000 
     -0.22102676        0.0000000 
      0.69936656        0.0000000 
      0.19758564        1.0000000 
      0.18072822        0.0000000 
      0.60457093        0.0000000 
     -0.46912012        0.0000000 
      0.68049731        0.0000000 
      0.11892151        1.0000000 
      0.44086759        0.0000000 
     -0.62223043        0.0000000 
     -0.29227640        0.0000000 
     0.029765364        0.0000000 
     -0.50794517        1.0000000 
     -0.67079355        0.0000000 
    0.0081113296        1.0000000 
      0.68030821        0.0000000 
     0.036995574        0.0000000 
    -0.010183923        1.0000000 
     -0.60026783        1.0000000 
     -0.29804433        0.0000000 
    -0.084147566        0.0000000 
     0.068308701        0.0000000 
    -0.074882007        0.0000000 
     -0.21140379        1.0000000 
     -0.88675097        0.0000000 
     -0.83812093        0.0000000 
     -0.68921489        0.0000000 
      0.74261247        0.0000000 
    -0.036874431        1.0000000 
      0.34567052        0.0000000 
      0.79410049        0.0000000 
     -0.65703985        0.0000000 
     -0.80709885        0.0000000 
      0.45163277        1.0000000 
     -0.13729525        0.0000000 
      -1.2951011        0.0000000 
     0.083333584        0.0000000 
      0.74277869        0.0000000 
     -0.23966777        1.0000000 
     -0.58020607        0.0000000 
      0.57105798        0.0000000 
      0.81154921        0.0000000 
      0.75399912        0.0000000 
      0.16360697        1.0000000 
      -1.2954205        0.0000000 
    -0.093363883        0.0000000 
     -0.34169478        0.0000000 
      0.65028276        0.0000000 
     -0.24425735        1.0000000 
     0.026419667        0.0000000 
      0.90029371        0.0000000 
      0.58941799        0.0000000 
     -0.45206348        0.0000000 
      0.33599714        1.0000000 
      0.91952956        0.0000000 
     -0.92667427        0.0000000 
     -0.13337503        0.0000000 
      0.55422496        0.0000000 
      0.77784021        1.0000000 
      0.72317738        0.0000000 
     0.014539793        0.0000000 
       1.1227268        0.0000000 
      0.41392541        0.0000000 
       1.3644026        1.0000000 
    -0.088415105        0.0000000 
      0.63956417        0.0000000 
     -0.62931381        0.0000000 
     -0.69214478        0.0000000 
     -0.58833889        1.0000000 
      0.41963453        0.0000000 
       1.0271964        0.0000000 
     -0.53996264        0.0000000 
     -0.33171847        0.0000000 
      0.54121173        1.0000000 
     -0.16252216        0.0000000 
      0.16041167        0.0000000 
     -0.21041771        0.0000000 
     -0.27803932        0.0000000 
     -0.58370525        1.0000000 
     -0.43967229        0.0000000 
      0.61271096        0.0000000 
     -0.20114344        0.0000000 
      0.49385040        0.0000000 
       1.1261192        1.0000000 
     -0.19270744        0.0000000 
      0.41425353        0.0000000 
    -0.073993775        0.0000000 
     -0.63182457        0.0000000 
    -0.073432725        1.0000000 
    -0.091181348        0.0000000 
      0.30193471        0.0000000 
      0.33904150        0.0000000 
     0.090391801        1.0000000 
      0.21350008        0.0000000 
     0.086042818        0.0000000 
     -0.25529051        0.0000000 
      0.21470276        1.0000000 
      0.31328280        0.0000000 
    0.0072310504        0.0000000 
    -0.046784534        0.0000000 
     0.020965925        1.0000000 
      0.41403294        0.0000000 
     -0.14484652        0.0000000 
      0.44706223        0.0000000 
    0.0096852417        1.0000000 
     -0.67257436        0.0000000 
      0.56419759        0.0000000 
     0.083279051        0.0000000 
     -0.17007518        0.0000000 
    -0.046175713        1.0000000 
      0.12442409        0.0000000 
     -0.18564846        0.0000000 
     0.023746171        0.0000000 
     -0.16013772        0.0000000 
     -0.64787915        1.0000000 
     -0.65140718        0.0000000 
      0.54903867        1.0000000 
      0.51572664        1.0000000 
    -0.057794622        0.0000000 
     -0.41813526        0.0000000 
     -0.26436501        0.0000000 
     0.098072094        0.0000000 
      0.26229894        1.0000000 
      0.49339321        0.0000000 
     0.073888517        0.0000000 
      0.20941524        0.0000000 
    -0.070597231        1.0000000 
    -0.036615233        0.0000000 
     -0.49486452        1.0000000 
     -0.74352548        1.0000000 
     -0.51577877        0.0000000 
      0.60112042        0.0000000 
    0.0044242136        0.0000000 
     -0.13617491        0.0000000 
     -0.75127414        1.0000000 
      0.70197861        0.0000000 
      0.36402374        0.0000000 
      0.15725591        0.0000000 
     0.044274715        0.0000000 
      0.16877189        1.0000000 
      0.35747790        0.0000000 
      0.12362632        0.0000000 
     -0.33709888        0.0000000 
     0.047392150        0.0000000 
      0.15581193        1.0000000 
    -0.061993794        0.0000000 
      0.23592380        0.0000000 
      0.19538369        0.0000000 
      0.22483210        0.0000000 
     -0.30750587        1.0000000 
     -0.23760047        0.0000000 
     -0.38581686        0.0000000 
      0.19850766        0.0000000 
     0.022313199        0.0000000 
     -0.38802796        1.0000000 
      0.22139770        0.0000000 
    -0.030165454        0.0000000 
     0.010571483        0.0000000 
     -0.43827109        0.0000000 
      0.27111745        1.0000000 
     -0.23390655        0.0000000 
      0.31985407        0.0000000 
     -0.13068953        0.0000000 
     -0.10620222        0.0000000 
      0.14374604        1.0000000 
      0.23854070        0.0000000 
      0.31337625        0.0000000 
      0.23607670        0.0000000 
    -0.089769920        0.0000000 
    -0.085530431        1.0000000 
     -0.27244384        0.0000000 
     -0.14920350        0.0000000 
    -0.074956447        0.0000000 
     -0.14611695        0.0000000 
      0.18446530        1.0000000 
     -0.38403565        0.0000000 
     -0.35188235        0.0000000 
      0.20535028        0.0000000 
      0.22099135        0.0000000 
      0.19580603        1.0000000 
      0.36161745        0.0000000 
    -0.099198534        0.0000000 
    -0.056151660        0.0000000 
     0.094576855        1.0000000 
    -0.075961413        0.0000000 
     0.091330930        0.0000000 
     -0.19519084        0.0000000 
      0.22265535        0.0000000 
     0.047650457        1.0000000 
      0.12264870        0.0000000 
     0.024470732        0.0000000 
      0.24450283        0.0000000 
      0.16022187        0.0000000 
    0.0043173099        1.0000000 
    -0.095831484        0.0000000 
     0.018083739        0.0000000 
     -0.58211332        0.0000000 
      0.28678745        0.0000000 
      0.39887589        1.0000000 
    -0.018172794        0.0000000 
     0.073354242        0.0000000 
     -0.13468094        0.0000000 
     -0.11052771        0.0000000 
      0.16453441        1.0000000 
     0.017492364        0.0000000 
    -0.066471465        0.0000000 
     0.029415340        0.0000000 
    -0.054941197        0.0000000 
      0.15271050        1.0000000 
    0.0073522032        0.0000000 
     0.082793128        0.0000000 
    -0.062715328        0.0000000 
    -0.059153636        0.0000000 
     -0.31996178        1.0000000 
      0.22293325        0.0000000 
     -0.16387740        0.0000000 
      0.38306449        0.0000000 
     -0.16913126        0.0000000 
     0.089965171        1.0000000 
    -0.067427266        0.0000000 
     0.040429396        0.0000000 
     -0.30312323        0.0000000 
     -0.20032715        0.0000000 
     -0.13428018        1.0000000 
     0.078719145        0.0000000 
      0.32591404        0.0000000 
    -0.030821576        0.0000000 
    -0.085773783        0.0000000 
     -0.18606194        1.0000000 
     -0.35438786        0.0000000 
      0.22578247        0.0000000 
     0.013407437        0.0000000 
      0.37585052        0.0000000 
     0.015007173        1.0000000 
     -0.17540028        0.0000000 
      0.30131203        1.0000000 
    -0.082831011        0.0000000 
    -0.081851569        1.0000000 
      0.20001840        0.0000000 
     0.024097214        0.0000000 
    -0.072796704        0.0000000 
     0.073842573        0.0000000 
     0.070395135        1.0000000 
    -0.018777720        0.0000000 
     0.069821176        0.0000000 
     0.061423147        0.0000000 
    -0.020893536        0.0000000 
    -0.052590839        1.0000000 
    -0.043456325        0.0000000 
     0.057421530        0.0000000 
     0.012977740        0.0000000 
    -0.031968389        0.0000000 
    -0.039969550        1.0000000 
     -0.24419402        0.0000000 
     -0.22491845        0.0000000 
      0.16584131        0.0000000 
     -0.29677779        0.0000000 
      0.31426843        1.0000000 
     -0.12286349        0.0000000 
     0.050426424        0.0000000 
     -0.59549579        1.0000000 
    -0.093655677        0.0000000 
     -0.13745306        0.0000000 
      0.27843447        1.0000000 
      0.47186440        0.0000000 
    -0.094124677        0.0000000 
    -0.068139409        0.0000000 
      0.24864833        0.0000000 
    -0.074200082        1.0000000 
    -0.082362808        0.0000000 
      0.12614856        0.0000000 
    -0.095607677        0.0000000 
     -0.12030777        0.0000000 
      0.22044569        1.0000000 
    -0.087478261        0.0000000 
    -0.015125020        0.0000000 
     0.044643603        0.0000000 
    -0.028727604        0.0000000 
     -0.22507157        1.0000000 
     -0.30284354        0.0000000 
      0.23876475        0.0000000 
     -0.18020109        0.0000000 
   -0.0048467449        0.0000000 
    -0.061969361        1.0000000 
      0.25755458        0.0000000 
      0.30152044        0.0000000 
    -0.023668590        0.0000000 
    0.0088187731        0.0000000 
     -0.15052702        1.0000000 
    -0.092635874        0.0000000 
    -0.016811653        0.0000000 
     0.022689796        0.0000000 
      0.10423527        0.0000000 
     0.051192770        1.0000000 
      0.14924583        0.0000000 
     0.067086506        0.0000000 
     -0.14579295        0.0000000 
      0.11864588        0.0000000 
      0.13476134        1.0000000 
    0.0055559190        0.0000000 
     0.064990697        0.0000000 
    0.0085974735        0.0000000 
     0.032894377        0.0000000 
     -0.12160815        1.0000000 
      0.20629776        0.0000000 
    0.0030969889        0.0000000 
      0.11728516        0.0000000 
     0.063460681        0.0000000 
       1.0649825        1.0000000 
       1.0901535        0.0000000 
      0.35251991        0.0000000 
     0.071864897        0.0000000 
     -0.14077588        0.0000000 
      0.22766654        1.0000000 
     0.065116525        0.0000000 
      0.12811955        0.0000000 
      0.19896629        0.0000000 
     -0.13056358        0.0000000 
      0.11340243        1.0000000 
     0.024932050        0.0000000 
      0.42886583        0.0000000 
    -0.022533157        0.0000000 
     -0.99566731        0.0000000 
      0.31691871        1.0000000 
      0.62515201        0.0000000 
      0.11228608        0.0000000 
      0.35843329        0.0000000 
      0.34765289        1.0000000 
      0.18473571        0.0000000 
    -0.037104219        0.0000000 
      0.17976147        0.0000000 
     -0.33812909        1.0000000 
     -0.25633196        0.0000000 
     0.012166436        0.0000000 
     -0.15811690        0.0000000 
      0.41419081        0.0000000 
      0.59348113        1.0000000 
    -0.058246228        0.0000000 
      0.11484923        0.0000000 
      0.11111604        0.0000000 
     0.065276519        0.0000000 
     -0.18034443        1.0000000 
     -0.25051214        0.0000000 
    0.0034858863        0.0000000 
     -0.18915866        0.0000000 
      0.23192009        0.0000000 
     -0.17029715        1.0000000 
     -0.17107071        0.0000000 
     -0.15062492        0.0000000 
      0.16081260        0.0000000 
      0.82483652        1.0000000 
     0.082485320        0.0000000 
     0.015036725        0.0000000 
      0.41296011        1.0000000 
      0.36315597        1.0000000 
     -0.28844029        0.0000000 
     -0.32626922        0.0000000 
     0.048448505        0.0000000 
      0.16715690        0.0000000 
      0.17050149        1.0000000 
     -0.14523047        0.0000000 
      0.15229076        0.0000000 
      0.27974211        0.0000000 
     -0.11388417        1.0000000 
      -1.2290840        0.0000000 
      -1.3938675        1.0000000 
    -0.044794861        1.0000000 
     0.018206982        0.0000000 
      0.71496273        0.0000000 
    -0.031161109        0.0000000 
     0.041198367        0.0000000 
      0.55761955        1.0000000 
     -0.33780714        0.0000000 
     -0.21231649        0.0000000 
      0.19698786        0.0000000 
      0.11655491        1.0000000 
      0.14355630        0.0000000 
     -0.18605419        0.0000000 
      0.25972226        0.0000000 
     -0.21336583        0.0000000 
     -0.76768701        1.0000000 
      0.13011785        0.0000000 
     0.058248449        0.0000000 
     -0.12693288        0.0000000 
     -0.51571720        0.0000000 
     -0.43527763        1.0000000 
      0.43164714        0.0000000 
      0.91582976        0.0000000 
     -0.11732487        0.0000000 
    -0.094976486        0.0000000 
      0.25109765        1.0000000 
     -0.38896667        0.0000000 
      0.15687216        0.0000000 
      0.12226043        0.0000000 
    -0.047279116        0.0000000 
      0.52862885        1.0000000 
      0.24810306        0.0000000 
      0.53801731        0.0000000 
      0.59751577        0.0000000 
     -0.50009284        0.0000000 
      0.67677479        1.0000000 
     0.094653334        0.0000000 
    -0.042569076        0.0000000 
      0.83185505        0.0000000 
     -0.14936997        0.0000000 
    -0.015937170        1.0000000 
    -0.092850662        0.0000000 
     -0.17615221        0.0000000 
      0.34765078        0.0000000 
     0.046116250        0.0000000 
     -0.12303988        1.0000000 
      0.77034584        0.0000000 
      0.17305624        0.0000000 
     -0.34172169        0.0000000 
     -0.27741842        0.0000000 
     -0.12397146        1.0000000 
      0.30957176        0.0000000 
      0.14932626        0.0000000 
     -0.85028946        0.0000000 
      0.60758125        0.0000000 
      0.11656129        1.0000000 
     -0.51737547        0.0000000 
     -0.71228302        0.0000000 
     -0.94997639        0.0000000 
     -0.36950350        0.0000000 
      0.20888615        1.0000000 
    -0.013847941        0.0000000 
     0.076180353        0.0000000 
     -0.93441294        0.0000000 
    -0.063151053        1.0000000 
      0.69872951        0.0000000 
     -0.12399792        0.0000000 
     -0.13618424        0.0000000 
    -0.058784594        0.0000000 
     -0.15466459        1.0000000 
      0.18257093        0.0000000 
   -0.0046272182        0.0000000 
      0.37207635        0.0000000 
    -0.069309309        0.0000000 
     -0.28205448        1.0000000 
      0.21397703        0.0000000 
    -0.067304807        0.0000000 
     -0.11037454        0.0000000 
     -0.20290631        0.0000000 
      0.20271823        1.0000000 
      0.31866365        0.0000000 
      0.59047517        0.0000000 
     0.058860316        0.0000000 
   -0.0025978153        0.0000000 
     -0.21025839        1.0000000 
     -0.26376145        0.0000000 
      0.12599833        0.0000000 
    -0.072394071        0.0000000 
      0.34909905        0.0000000 
      0.22418332        1.0000000 
      0.17643959        0.0000000 
      0.16567884        0.0000000 
    -0.068436536        0.0000000 
   -0.0066373890        0.0000000 
     -0.16333923        1.0000000 
     -0.43266375        0.0000000 
     0.059119528        0.0000000 
      0.54607475        0.0000000 
      -1.1065877        0.0000000 
     -0.44924147        1.0000000 
      0.32572367        0.0000000 
     -0.13431929        0.0000000 
    -0.027913751        0.0000000 
      0.22854043        0.0000000 
     0.080782681        1.0000000 
      0.37971766        0.0000000 
    -0.024283030        0.0000000 
    -0.050541977        0.0000000 
      0.28719072        0.0000000 
      0.10029252        1.0000000 
     0.056841399        0.0000000 
     -0.34905720        0.0000000 
    -0.099291838        0.0000000 
    -0.078615792        0.0000000 
    0.0059275699        1.0000000 
     0.050508866        0.0000000 
     -0.20518625        1.0000000 
      0.15858116        0.0000000 
    -0.068618084        1.0000000 
      0.12205169        0.0000000 
     -0.18328275        0.0000000 
     0.050308042        0.0000000 
     -0.26201762        0.0000000 
       1.3597612        1.0000000 
      0.18838517        0.0000000 
      0.37803319        0.0000000 
      0.14630489        0.0000000 
    -0.050827069        0.0000000 
      0.34139758        1.0000000 
      0.17853064        0.0000000 
      0.26585249        0.0000000 
     0.011895612        0.0000000 
     -0.81296124        0.0000000 
     -0.23254114        1.0000000 
     -0.27384145        0.0000000 
     -0.41270155        0.0000000 
    0.0088856205        0.0000000 
      0.61369688        0.0000000 
      0.31016233        1.0000000 
     0.048556086        0.0000000 
     -0.33215196        0.0000000 
    -0.098850241        0.0000000 
      0.11932809        0.0000000 
     0.020695697        1.0000000 
    -0.089812356        0.0000000 
      0.73608398        0.0000000 
     -0.16380298        1.0000000 
      0.38236090        0.0000000 
    -0.035503197        0.0000000 
     0.011826573        0.0000000 
     0.055497548        1.0000000 
     0.061274994        0.0000000 
      0.40112838        0.0000000 
      0.49086337        0.0000000 
     -0.12590845        0.0000000 
      0.33942952        1.0000000 
      0.14275459        0.0000000 
      0.21769807        0.0000000 
    -0.030182753        0.0000000 
     -0.53608544        0.0000000 
      0.22039577        1.0000000 
     -0.58471574        0.0000000 
      0.39257114        0.0000000 
      0.33166301        0.0000000 
     0.063176172        0.0000000 
      0.12853374        1.0000000 
      0.16375801        0.0000000 
     -0.38779721        0.0000000 
     0.086654227        0.0000000 
      0.22331191        0.0000000 
     -0.46695253        1.0000000 
     -0.37919323        0.0000000 
      0.19884600        0.0000000 
     0.097478187        0.0000000 
    -0.023672794        0.0000000 
      0.38138580        1.0000000 
    0.0043006647        0.0000000 
     -0.42368744        0.0000000 
      0.11163117        0.0000000 
     -0.12392167        0.0000000 
     -0.26221555        1.0000000 
     0.056810503        0.0000000 
      -1.3068128        0.0000000 
     -0.34938889        0.0000000 
      0.28343309        0.0000000 
     -0.96817739        1.0000000 
      0.12471879        0.0000000 
  -0.00052013921        0.0000000 
     -0.60136231        0.0000000 
      0.36478866        0.0000000 
      0.40384735        1.0000000 
      0.24570777        0.0000000 
     -0.19107098        0.0000000 
      0.13385287        0.0000000 
      0.17175698        0.0000000 
      0.15050242        1.0000000 
     -0.23701207        0.0000000 
      0.50479709        0.0000000 
     0.076601247        0.0000000 
     -0.16184668        0.0000000 
     0.090708659        1.0000000 
     0.023977067        0.0000000 
      0.28237713        0.0000000 
     -0.17235811        0.0000000 
     -0.42882711        1.0000000 
     -0.40818246        0.0000000 
     -0.14529502        0.0000000 
      0.31318745        0.0000000 
     -0.71234141        1.0000000 
      0.34133465        0.0000000 
    -0.014568528        0.0000000 
    -0.095853909        0.0000000 
     0.033446299        0.0000000 
    -0.013741116        1.0000000 
      0.52647584        0.0000000 
     -0.33820797        0.0000000 
     -0.31565963        0.0000000 
      0.19290163        0.0000000 
     -0.31960183        1.0000000 
      0.31828097        0.0000000 
     0.022531434        0.0000000 
    -0.097262766        0.0000000 
     -0.11083211        0.0000000 
     -0.15139781        1.0000000 
     0.068207191        0.0000000 
    -0.055968890        0.0000000 
    -0.038027810        0.0000000 
     0.067513735        0.0000000 
     0.071079203        1.0000000 
      0.20816573        0.0000000 
     -0.10467097        1.0000000 
    0.0067261560        1.0000000 
     0.094189752        0.0000000 
    -0.039556703        0.0000000 
      0.14449457        0.0000000 
     0.026493527        0.0000000 
    -0.069201671        1.0000000 
     -0.14013154        0.0000000 
      0.46967647        0.0000000 
     -0.32377270        0.0000000 
     -0.35409824        1.0000000 
     -0.16611013        0.0000000 
     -0.36726253        0.0000000 
     -0.19330059        1.0000000 
    -0.089523140        1.0000000 
     -0.76308865        0.0000000 
     0.015436704        0.0000000 
     -0.10358408        0.0000000 
     -0.46517575        1.0000000 
      0.16628866        0.0000000 
     -0.35216170        0.0000000 
      0.15733922        0.0000000 
     0.072336272        0.0000000 
   -0.0022480648        1.0000000 
      -1.1813299        0.0000000 
      0.12568188        0.0000000 
     -0.15495902        0.0000000 
     -0.18340137        0.0000000 
     -0.23112887        1.0000000 
      0.38961767        0.0000000 
     -0.58164377        0.0000000 
    -0.058915819        0.0000000 
     -0.40757867        0.0000000 
     -0.21232604        1.0000000 
      0.37176887        0.0000000 
      0.96326549        0.0000000 
     -0.76418521        0.0000000 
     -0.73330100        0.0000000 
      0.20060828        1.0000000 
      0.67506290        0.0000000 
   -0.0027662710        0.0000000 
      0.31139526        0.0000000 
    -0.041509402        0.0000000 
     -0.64836166        1.0000000 
      0.34485946        0.0000000 
     0.066318384        0.0000000 
     -0.22620541        0.0000000 
      0.53134886        0.0000000 
      0.29180585        1.0000000 
      0.37096181        0.0000000 
     -0.17777345        0.0000000 
      0.29228493        0.0000000 
      0.12958675        0.0000000 
    -0.069124381        1.0000000 
     -0.35282433        0.0000000 
      0.45665057        0.0000000 
      0.34025106        0.0000000 
      0.23313525        0.0000000 
     -0.16095304        1.0000000 
     -0.26693667        0.0000000 
     -0.74821635        0.0000000 
     -0.39483822        0.0000000 
      0.15821487        0.0000000 
     0.063180922        1.0000000 
      0.37165147        0.0000000 
     -0.21498286        0.0000000 
      0.20703327        0.0000000 
     -0.11806604        0.0000000 
     0.029853657        1.0000000 
     -0.40584035        0.0000000 
    -0.037725023        0.0000000 
      0.15562062        0.0000000 
     0.013269925        0.0000000 
      0.36989274        1.0000000 
      0.23785087        0.0000000 
     -0.78259281        0.0000000 
      0.28188121        0.0000000 
     0.092096068        0.0000000 
    -0.030432578        1.0000000 
     0.034379200        0.0000000 
     0.092854805        0.0000000 
      0.23682720        0.0000000 
     -0.31644373        1.0000000 
     -0.26309221        0.0000000 
     -0.10419409        0.0000000 
      0.18335429        0.0000000 
    -0.023642071        0.0000000 
      0.17763543        1.0000000 
  -0.00097496934        0.0000000 
   -0.0073276634        0.0000000 
    -0.059901925        0.0000000 
    0.0025363313        0.0000000 
     -0.14576128        1.0000000 
    -0.097493854        0.0000000 
     0.070412377        0.0000000 
      0.13580779        0.0000000 
     0.021028984        0.0000000 
     -0.14434669        1.0000000 
     -0.16610255        0.0000000 
     -0.82716293        0.0000000 
    -0.062518033        0.0000000 
     0.034957727        0.0000000 
     -0.21261127        1.0000000 
     0.086698698        0.0000000 
     -0.56315935        0.0000000 
     -0.15433565        0.0000000 
       1.2426243        0.0000000 
      -2.1416121        1.0000000 
     -0.90824557        0.0000000 
      0.61872055        0.0000000 
     -0.12559515        0.0000000 
     -0.25418312        0.0000000 
      -1.2885513        1.0000000 
      0.51667223        0.0000000 
     -0.26338733        0.0000000 
      0.72591745        0.0000000 
     -0.31107456        0.0000000 
      0.17904721        1.0000000 
     -0.31471636        0.0000000 
      0.65831814        0.0000000 
    -0.022210781        0.0000000 
      -1.5541223        0.0000000 
     -0.98631871        1.0000000 
      0.41186979        0.0000000 
      0.22831276        0.0000000 
     -0.34468491        0.0000000 
     -0.12992219        0.0000000 
      0.81240998        1.0000000 
      0.17748837        0.0000000 
      0.13193233        0.0000000 
      0.15380984        0.0000000 
      0.25279515        0.0000000 
     -0.11398962        1.0000000 
      0.17655796        0.0000000 
     -0.68721837        0.0000000 
     -0.43213480        0.0000000 
     -0.25553502        0.0000000 
     -0.86129805        1.0000000 
     -0.52903307        0.0000000 
     -0.62794513        1.0000000 
     -0.95328800        0.0000000 
     -0.85465624        1.0000000 
      0.75499206        0.0000000 
     -0.89898273        0.0000000 
      0.75571567        0.0000000 
     -0.51427515        0.0000000 
     -0.22509881        1.0000000 
      0.31268070        0.0000000 
      0.15434125        0.0000000 
     -0.50198882        0.0000000 
      0.35109661        0.0000000 
      0.24267431        1.0000000 
      0.26850472        0.0000000 
      -1.2750150        0.0000000 
      0.22173647        0.0000000 
     0.042788960        0.0000000 
     -0.70742979        1.0000000 
      0.63279315        0.0000000 
      0.48687452        0.0000000 
     -0.17110760        0.0000000 
     -0.53116682        0.0000000 
     -0.69640273        1.0000000 
     -0.98012189        0.0000000 
    0.0049231151        0.0000000 
      0.36176415        1.0000000 
       1.0102527        0.0000000 
    -0.024881731        0.0000000 
     -0.24031995        0.0000000 
      0.28229698        1.0000000 
      0.43794799        0.0000000 
      0.27951245        0.0000000 
      0.16194121        0.0000000 
      0.27415989        0.0000000 
      0.64613565        1.0000000 
      0.35309029        0.0000000 
     -0.96821172        0.0000000 
    -0.014524750        0.0000000 
      0.72947086        0.0000000 
     0.077021415        1.0000000 
     -0.51896012        0.0000000 
     -0.24284626        0.0000000 
    -0.074462373        0.0000000 
      0.58988246        0.0000000 
     -0.19222924        1.0000000 
      0.57859955        0.0000000 
      0.29739552        0.0000000 
     -0.11285208        0.0000000 
    -0.011915358        0.0000000 
      0.41450327        1.0000000 
     -0.69504690        0.0000000 
     -0.11576382        0.0000000 
    -0.032260529        0.0000000 
      0.22172859        0.0000000 
      0.58320925        1.0000000 
     0.015613405        0.0000000 
    -0.097491545        0.0000000 
      0.21946868        0.0000000 
      0.44652488        0.0000000 
     -0.13652487        1.0000000 
      0.16761756        0.0000000 
     0.066909723        0.0000000 
      0.25035716        0.0000000 
     0.045641824        0.0000000 
    -0.057684845        1.0000000 
     -0.49571329        0.0000000 
    -0.018226480        0.0000000 
      0.27580416        0.0000000 
    -0.028900536        0.0000000 
      -2.1442953        1.0000000 
      0.20960978        0.0000000 
     -0.25179384        0.0000000 
      0.32208323        0.0000000 
      -1.4559132        0.0000000 
     -0.57911723        1.0000000 
     -0.15058461        0.0000000 
      0.20323364        0.0000000 
     0.069866994        0.0000000 
      0.17431404        0.0000000 
      -1.3456223        1.0000000 
      0.44183801        0.0000000 
     -0.50826175        0.0000000 
      0.56062670        0.0000000 
      0.15926672        0.0000000 
      0.91662561        1.0000000 
      0.21556915        0.0000000 
      0.61978289        0.0000000 
     -0.36922801        0.0000000 
      0.30017694        0.0000000 
     -0.48313865        1.0000000 
      0.27880414        0.0000000 
      0.33686940        0.0000000 
      0.30770182        0.0000000 
     -0.58478099        0.0000000 
     -0.24460223        1.0000000 
     -0.29700880        0.0000000 
     -0.49658703        0.0000000 
     0.097624595        0.0000000 
     -0.60824830        1.0000000 
      0.36358350        0.0000000 
      0.24223013        0.0000000 
      0.34775721        0.0000000 
      0.48263421        1.0000000 
     -0.13961266        0.0000000 
     -0.52045318        0.0000000 
     -0.60117154        0.0000000 
      0.13623495        0.0000000 
      0.13176180        1.0000000 
      0.54477301        1.0000000 
    -0.012555017        0.0000000 
      0.19819097        0.0000000 
    -0.035139996        1.0000000 
     -0.32846229        0.0000000 
     -0.43704831        0.0000000 
    -0.074470731        0.0000000 
      0.62263343        1.0000000 
      0.31772759        0.0000000 
     -0.26725805        0.0000000 
      0.37736601        0.0000000 
      0.68231551        0.0000000 
      0.54250255        1.0000000 
      0.55072135        0.0000000 
   -0.0012899723        0.0000000 
      0.63856185        1.0000000 
     -0.41861611        1.0000000 
      0.88346333        0.0000000 
     -0.37564749        0.0000000 
     0.010537189        0.0000000 
     0.040710063        1.0000000 
    -0.050674979        0.0000000 
      0.45560861        0.0000000 
    -0.065250624        0.0000000 
     -0.21915581        1.0000000 
      0.96936855        0.0000000 
      0.45292478        0.0000000 
     -0.15946400        1.0000000 
     -0.19600524        1.0000000 
     -0.36219955        0.0000000 
      0.62079323        0.0000000 
      0.28967244        0.0000000 
     0.085002308        0.0000000 
      0.22786120        1.0000000 
      0.23831588        0.0000000 
     -0.36911349        0.0000000 
     -0.25462634        0.0000000 
      0.61928002        0.0000000 
     -0.15014319        1.0000000 
      0.98657590        0.0000000 
      0.21986031        0.0000000 
      0.18769468        0.0000000 
      0.11639493        0.0000000 
      0.96175829        1.0000000 
      0.20032054        0.0000000 
     -0.43909919        0.0000000 
     -0.47813701        0.0000000 
      0.46505483        0.0000000 
      0.23510285        1.0000000 
      0.25819313        0.0000000 
      0.29756295        0.0000000 
     -0.51914621        0.0000000 
    -0.019849770        0.0000000 
     -0.10023663        1.0000000 
     -0.46414908        0.0000000 
     -0.86622100        0.0000000 
   -0.0041442045        0.0000000 
      0.66422582        0.0000000 
      0.53583275        1.0000000 
     -0.53703705        0.0000000 
    -0.092708097        0.0000000 
      0.26540778        0.0000000 
    -0.089553415        0.0000000 
     -0.26542614        1.0000000 
      0.37965120        0.0000000 
      0.69794950        0.0000000 
    -0.026780305        0.0000000 
     0.074567498        0.0000000 
     -0.40054062        1.0000000 
    -0.035933634        0.0000000 
     -0.15012181        0.0000000 
    -0.044638998        0.0000000 
      0.16150880        0.0000000 
      0.59288980        1.0000000 
      0.32036546        0.0000000 
     -0.20822671        0.0000000 
      0.90866813        0.0000000 
      0.16839645        0.0000000 
     -0.20041000        1.0000000 
      0.26199403        0.0000000 
     -0.53334936        0.0000000 
      -1.3768541        0.0000000 
     -0.11167187        1.0000000 
     -0.11491080        0.0000000 
      0.31947025        0.0000000 
     -0.23922645        0.0000000 
     -0.25963126        0.0000000 
     -0.48878500        1.0000000 
     -0.11849919        0.0000000 
      0.38383045        0.0000000 
      0.37015208        0.0000000 
    -0.069127205        0.0000000 
      0.13869340        1.0000000 
      0.27390344        0.0000000 
     0.048896966        0.0000000 
     -0.92912351        0.0000000 
      -1.2726453        0.0000000 
      0.96512511        1.0000000 
      0.46230123        0.0000000 
     -0.85506560        0.0000000 
      0.30873159        0.0000000 
     -0.12173307        0.0000000 
      0.21137185        1.0000000 
     -0.14528951        0.0000000 
     -0.67839476        1.0000000 
      0.88593526        0.0000000 
       3.1725953        1.0000000 
     -0.67376624        0.0000000 
     -0.22371274        0.0000000 
      0.29923029        0.0000000 
     -0.34471153        0.0000000 
      -1.0137448        1.0000000 
     -0.47542343        0.0000000 
      0.33653394        0.0000000 
     -0.24095461        0.0000000 
     -0.60413939        0.0000000 
      0.15781654        1.0000000 
      0.22060943        0.0000000 
     -0.11434230        0.0000000 
     0.040178226        0.0000000 
      0.40598402        0.0000000 
     -0.35190380        1.0000000 
      0.29496243        0.0000000 
     -0.30714508        0.0000000 
     -0.37776107        0.0000000 
     -0.45395821        0.0000000 
      0.12539634        1.0000000 
     0.051015168        0.0000000 
     -0.24358929        0.0000000 
   -0.0079971714        0.0000000 
   -0.0070254365        0.0000000 
     -0.70294567        1.0000000 
    -0.033805484        0.0000000 
     -0.21339066        0.0000000 
     -0.26801123        0.0000000 
     0.087264482        0.0000000 
      0.16861436        1.0000000 
      0.34077049        0.0000000 
      0.14721673        1.0000000 
      0.25786487        0.0000000 
      0.40122522        1.0000000 
    -0.030759002        0.0000000 
     -0.31972631        0.0000000 
     0.071275401        0.0000000 
     -0.35167297        0.0000000 
     -0.38929010        1.0000000 
     -0.15925463        0.0000000 
     -0.11812441        0.0000000 
     -0.17386782        0.0000000 
     -0.27914742        0.0000000 
     -0.43796390        1.0000000 
     -0.14367945        0.0000000 
      0.20271178        0.0000000 
      0.21971322        0.0000000 
    -0.086711585        0.0000000 
    -0.054726709        1.0000000 
     -0.10657795        0.0000000 
     -0.37305719        0.0000000 
      0.12809395        0.0000000 
      0.42249560        0.0000000 
      0.39311775        1.0000000 
     -0.35330155        0.0000000 
     0.099991607        1.0000000 
      0.34896085        1.0000000 
      0.50993154        0.0000000 
      0.10520281        0.0000000 
      0.31726268        1.0000000 
      0.14642290        0.0000000 
     0.034761816        0.0000000 
     -0.18296476        0.0000000 
      0.16837352        0.0000000 
      0.50866035        1.0000000 
     0.044694222        0.0000000 
     0.078159836        0.0000000 
     -0.58792675        0.0000000 
     -0.10192840        0.0000000 
    -0.049069937        1.0000000 
     -0.33740887        0.0000000 
     0.074227856        0.0000000 
     -0.13526004        0.0000000 
      0.23256717        0.0000000 
      0.20029232        1.0000000 
      0.26892333        0.0000000 
     -0.10785662        0.0000000 
    -0.081547967        0.0000000 
     -0.43747728        0.0000000 
     -0.41621290        1.0000000 
      0.12439148        0.0000000 
    -0.065886368        0.0000000 
   -0.0049661123        0.0000000 
    -0.086293865        0.0000000 
    -0.036974152        1.0000000 
     0.011343409        0.0000000 
      0.17444820        0.0000000 
     0.079020896        0.0000000 
      0.26490385        0.0000000 
    -0.024021897        1.0000000 
    -0.064117773        0.0000000 
     0.094499078        0.0000000 
      0.26922083        0.0000000 
    -0.022916393        0.0000000 
      0.28133618        1.0000000 
     0.054227033        0.0000000 
     -0.32429002        0.0000000 
    -0.080311015        0.0000000 
     0.044975006        0.0000000 
   -0.0019844098        1.0000000 
     -0.15202083        0.0000000 
     0.014670564        0.0000000 
     0.094978633        0.0000000 
      0.33204208        0.0000000 
    -0.039803897        1.0000000 
     -0.17010059        0.0000000 
     0.061894413        0.0000000 
     0.065357387        0.0000000 
      0.15238561        0.0000000 
     -0.16570928        1.0000000 
    -0.084640729        0.0000000 
      0.32728162        0.0000000 
     0.085820038        0.0000000 
      0.14874899        0.0000000 
      0.33912315        1.0000000 
      0.13086182        0.0000000 
      0.28650537        0.0000000 
      0.67853050        0.0000000 
     -0.25681462        1.0000000 
   -0.0069824305        0.0000000 
    -0.053496418        0.0000000 
      0.22035141        0.0000000 
      0.15743799        1.0000000 
     0.048310248        0.0000000 
     0.022047325        0.0000000 
      0.16950848        0.0000000 
      0.20953280        0.0000000 
     0.032868811        1.0000000 
     -0.38704911        0.0000000 
     -0.16080244        0.0000000 
     0.089271980        0.0000000 
      0.47287780        0.0000000 
     -0.10236386        1.0000000 
     -0.25069357        0.0000000 
     -0.58292613        0.0000000 
     -0.32233674        0.0000000 
    -0.070837508        0.0000000 
      0.39383066        1.0000000 
     -0.26181641        0.0000000 
       1.4811668        0.0000000 
      -1.6860155        0.0000000 
     0.051612444        0.0000000 
     0.098816366        1.0000000 
      0.65596130        0.0000000 
     -0.32725214        1.0000000 
     0.043973657        1.0000000 
     0.033495983        0.0000000 
     -0.54133922        0.0000000 
      0.15590300        0.0000000 
      0.21162695        0.0000000 
      0.21333692        1.0000000 
     0.010689535        0.0000000 
    -0.025886972        0.0000000 
     -0.14495915        0.0000000 
     -0.30635030        1.0000000 
    -0.056093926        0.0000000 
     -0.23203763        1.0000000 
      0.35961149        1.0000000 
      0.28409471        0.0000000 
     -0.32570301        0.0000000 
    -0.079954316        0.0000000 
     -0.12672931        0.0000000 
    0.0012489989        1.0000000 
     -0.35690063        0.0000000 
    -0.020451271        0.0000000 
     0.065083868        0.0000000 
     -0.37839538        0.0000000 
     -0.35136326        1.0000000 
    -0.051599101        0.0000000 
    -0.021993262        0.0000000 
      0.25536446        0.0000000 
      0.19214565        0.0000000 
    -0.070598314        1.0000000 
     -0.16864407        0.0000000 
     -0.13111109        0.0000000 
      0.14186612        0.0000000 
      0.37835063        0.0000000 
     0.047411431        1.0000000 
     0.033893545        0.0000000 
    -0.068636296        0.0000000 
      0.16646505        0.0000000 
      0.15898367        0.0000000 
     0.059550677        1.0000000 
     -0.14438079        0.0000000 
    -0.075639352        0.0000000 
    0.0033672675        0.0000000 
      0.12174854        0.0000000 
      0.11891677        1.0000000 
      0.26900473        0.0000000 
     -0.11093005        0.0000000 
    -0.039372351        0.0000000 
     0.058102957        0.0000000 
      0.15229478        1.0000000 
     -0.10900206        0.0000000 
     -0.38713536        0.0000000 
     -0.15295871        0.0000000 
    -0.082695710        0.0000000 
    -0.029625191        1.0000000 
     0.090074410        0.0000000 
     0.010452678        0.0000000 
     0.069739789        0.0000000 
    -0.093251280        0.0000000 
    -0.017732264        1.0000000 
     -0.23655044        0.0000000 
    -0.034983749        0.0000000 
     -0.17002438        0.0000000 
     0.016426966        0.0000000 
     0.052958898        1.0000000 
    -0.029514737        0.0000000 
      0.18763845        0.0000000 
     0.015139569        0.0000000 
     -0.29293439        0.0000000 
       1.2707298        1.0000000 
     -0.23297240        0.0000000 
     -0.37499739        0.0000000 
     -0.40794682        0.0000000 
    -0.074731194        0.0000000 
      0.26258901        1.0000000 
      0.24105923        0.0000000 
     -0.32266761        0.0000000 
     0.033558306        0.0000000 
      0.10982233        1.0000000 
     0.081008863        0.0000000 
     0.034121968        0.0000000 
      0.11507481        0.0000000 
    -0.092049253        0.0000000 
     0.013566148        1.0000000 
     -0.25673186        0.0000000 
     -0.23790422        0.0000000 
     -0.21121516        0.0000000 
     0.063940406        0.0000000 
     -0.24206435        1.0000000 
     -0.24860957        0.0000000 
      0.21162251        0.0000000 
    -0.086003994        0.0000000 
      0.33246830        0.0000000 
     -0.26657320        1.0000000 
     -0.14846622        0.0000000 
      0.12203775        0.0000000 
    0.0049115893        0.0000000 
    0.0066865963        0.0000000 
    -0.062601147        1.0000000 
     0.051684277        0.0000000 
    -0.099798790        0.0000000 
     0.061458840        1.0000000 
     0.094901071        1.0000000 
     -0.15705940        0.0000000 
     -0.39280021        0.0000000 
     -0.11847507        0.0000000 
      0.32025702        0.0000000 
      0.19703510        1.0000000 
      0.22243539        0.0000000 
     -0.33984553        0.0000000 
     0.023004346        0.0000000 
     0.037814246        0.0000000 
     -0.34310428        1.0000000 
      0.10457415        0.0000000 
      0.20726179        0.0000000 
    -0.029802878        0.0000000 
      0.12185579        0.0000000 
     -0.12165353        1.0000000 
     0.068515102        0.0000000 
      0.14274555        0.0000000 
    -0.081306083        0.0000000 
     -0.30404799        0.0000000 
      0.11505681        1.0000000 
    -0.026650895        0.0000000 
    -0.057851002        0.0000000 
     0.015842570        0.0000000 
  -0.00086317491        0.0000000 
    -0.040089442        1.0000000 
     -0.14245996        0.0000000 
   0.00061551866        0.0000000 
    -0.043456488        0.0000000 
     -0.24862490        0.0000000 
     -0.16866043        1.0000000 
     -0.31331052        0.0000000 
    -0.018387650        1.0000000 
     -0.86490434        0.0000000 
      0.30524653        1.0000000 
     -0.20727790        0.0000000 
   -0.0051021501        0.0000000 
     0.069847199        0.0000000 
      0.49236143        0.0000000 
     -0.46739352        1.0000000 
   -0.0022668899        0.0000000 
     -0.17188430        0.0000000 
    -0.065279491        0.0000000 
     0.050274314        0.0000000 
     -0.30736890        1.0000000 
     0.089090533        0.0000000 
      0.46275788        0.0000000 
     -0.24433180        0.0000000 
      0.40894484        0.0000000 
      0.50469084        1.0000000 
     -0.31917489        0.0000000 
    -0.052601438        0.0000000 
      0.11973006        0.0000000 
     -0.47823610        0.0000000 
     -0.40853965        1.0000000 
    -0.030467691        1.0000000 
     -0.11754582        1.0000000 
     -0.23127105        0.0000000 
      0.52804687        1.0000000 
